1 00000000000000 10101001
0 00000000000000 10101001
1 00000000000001 10001011
0 00000000000001 10001011
1 00000000000010 01001010
1 00000000000011 00001101
1 00000000000100 11000110
0 00000000000010 01001010
1 00000000000101 11100011
0 00000000000011 00001101
0 00000000000100 11000110
0 00000000000101 11100011
1 00000000000110 00111001
1 00000000000111 11001000
0 00000000000110 00111001
0 00000000000111 11001000
1 00000000001000 11111001
0 00000000001000 11111001
1 00000000001001 11100111
1 00000000001010 11010110
1 00000000001011 10010100
1 00000000001100 00111001
0 00000000001001 11100111
1 00000000001101 00000100
0 00000000001010 11010110
